7.180566636117487883e-04
4.864360931822794137e-05
-7.555853990949177278e-05
8.928328314641777608e-05
1.212470715506088078e-04
2.025264192069862546e-04
1.545807366006955329e-04
1.646264986705846625e-04
1.509277322116451842e-04
2.052661724987692388e-04
2.801527624743105609e-04
3.979621540211885668e-04
8.376925573531559394e-04
3.459068414772194927e-04
-2.851496667312645485e-04
3.174846401886874739e-05
1.280964547800757551e-04
1.596036176356414394e-04
1.459048511767020424e-04
1.691927541568996108e-04
1.468181022739638774e-04
1.696493797055278314e-04
2.089191768878251440e-04
2.564082339454824139e-04
4.404283300439028846e-04
7.468240731755178274e-04
-5.814996477929955387e-04
-2.627750148483324472e-04
4.270747718601998304e-05
1.125711861266127153e-04
1.029820496053571459e-04
1.440783489821727617e-04
1.399687190444914549e-04
1.317494591691316603e-04
1.367723402040747749e-04
1.404253445931250965e-04
2.468190974242239714e-04
3.860898897567761195e-04
6.979651394719722096e-04
-4.856082825804193537e-04
-2.426834907085537001e-04
-3.354898943541185542e-05
-3.583211717856369175e-05
6.979267119396320024e-07
3.540146840791917734e-05
5.503636699906642418e-05
5.412311590180453498e-05
2.307257859487531117e-05
4.590385602644192140e-05
6.371225242306276064e-05
1.006989218621961481e-04
4.043549117020289740e-04
3.828935109163565664e-04
1.933939082343618873e-04
5.183998815864706081e-05
3.494484285928819208e-05
5.823274583948855228e-05
3.220508956750255157e-05
5.914599693675046859e-05
3.814122169970487206e-05
1.667982091403653021e-05
-9.347835357949416286e-06
-5.866339461013019355e-05
-2.102630767557285389e-04
-5.047865556229349376e-04
7.600662140858291393e-04
3.093767975867133500e-04
2.162251856659227513e-04
1.787818906781549633e-04
1.038953007026217727e-04
1.262699525855519767e-04
1.495578555657523369e-04
1.194205693560822647e-04
1.404253445931250965e-04
1.299229569746022982e-04
7.284476339569005525e-05
-2.134594555961515615e-04
-4.417722299118118090e-04
6.532158357060984660e-04
4.070946649938180298e-04
2.646274938208445938e-04
1.664530008651111514e-04
1.408819701417561359e-04
1.427084723362826249e-04
1.372289657527057602e-04
1.637132475733199814e-04
1.627999964760608298e-04
1.678228775110067635e-04
5.914599693675063122e-05
-2.330943541872980765e-04
4.267295635849658458e-04
5.203378010543852072e-04
4.532138454055832655e-04
2.760431325366267605e-04
1.929372826857309563e-04
1.906541549425733737e-04
1.856312739076274401e-04
1.048085517998836890e-04
1.262699525855547414e-04
1.048085517998809243e-04
5.183998815864706081e-05
-6.870915668002216918e-05
1.737590096432093008e-04
7.408879410433170248e-04
5.500184617154204453e-04
2.408829652920160130e-04
1.710192563514260997e-04
1.436217234335445412e-04
9.384953863272995972e-05
1.573204898924839381e-04
1.541241110520645747e-04
1.495578555657523369e-04
1.500144811143833221e-04
2.581233188666360798e-05
1.308362080718699066e-04
4.975065236228204402e-04
1.072398089349658329e-03
5.020727791091358222e-04
2.961346566764046402e-04
2.217046922494997786e-04
1.395120934958605239e-04
1.280964547800785740e-04
1.454482256280682925e-04
1.742156351918427797e-04
1.614301198301652720e-04
2.626895743529475587e-05
6.736525681211324480e-05
2.911117756414587608e-04
5.491052106181585832e-04
4.796981272261989504e-04
6.025303998080273893e-04
3.673682422628905993e-04
2.025264192069865798e-04
1.399687190444914549e-04
1.244434503910309630e-04
1.303795825232360482e-04
1.093748072861932164e-04
3.083521292160688529e-05
5.960262248538416435e-05
1.879144016507821495e-04
2.801527624743079588e-04
2.920250267387236587e-04
5.363196952564812381e-04
6.710242321027234252e-04
2.906551500928278298e-04
1.815216439699435854e-04
1.627999964760581736e-04
1.459048511766992506e-04
1.326627102663935766e-04
6.325562687442895645e-05
4.225085163738883515e-05
1.153109394184009579e-04
2.134854323741373818e-04
2.276408243817081706e-04
3.066370442949247280e-04
7.386048133001619359e-04
5.660003559175216803e-04
2.952214055791427781e-04
2.203348156036069854e-04
1.796951417754196444e-04
1.230735737451325862e-04
3.585809395655010839e-05
5.092673706138793632e-05
1.253567014882928251e-04
1.518409833089097568e-04
1.637132475733255651e-04
1.988734148179358788e-04
3.308381983723870587e-04
5.682834836606732998e-04
5.249040565406988545e-04
3.664549911656313393e-04
2.417962163892780920e-04
1.358590891068101481e-04
-5.694830968901859469e-06
5.823274583948578756e-05
1.559506132465911178e-04
1.518409833089071005e-04
1.326627102663935766e-04
1.541241110520645205e-04
2.390564630974925057e-04
3.189659341079715757e-04
7.139470336740682405e-04
7.413445665919449201e-04
3.851766386595142574e-04
2.436227185838048519e-04
2.763883408118473009e-05
2.261595304624161541e-05
9.887241966767312861e-05
1.486446044684876558e-04
1.445349745308064575e-04
1.299229569746022982e-04
1.819782695185771185e-04
2.153119345686637081e-04
3.632586123252087504e-04
6.614350955814665006e-04
7.650890951207793556e-04
4.084645416397142924e-04
5.092673706138801763e-05
1.622319536540559916e-05
1.299229569746024066e-04
1.933939082343590684e-04
1.143976883211363310e-04
1.143976883211418605e-04
1.577771154411148962e-04
1.586903665383795773e-04
2.290107010276005300e-04
3.586923568388994399e-04
5.523015894585755342e-04
