-1.466465247577630401e-03
-1.475461966887906613e-04
9.716456855115700739e-05
-2.276169985503954029e-04
-2.905940337224377414e-04
-4.507356374456428336e-04
-3.562700846875710859e-04
-3.760628671702139782e-04
-3.490727092393377997e-04
-4.561336690318083657e-04
-6.036798657206091101e-04
-8.357952239261413722e-04
-1.702179293507287330e-03
-7.332326237888136828e-04
5.101139848935603432e-04
-1.142583352407090428e-04
-3.040891126878703284e-04
-3.661664759288952155e-04
-3.391763179980191454e-04
-3.850595864805095975e-04
-3.409756618600760032e-04
-3.859592584115326868e-04
-4.633310444800526023e-04
-5.568969253070909066e-04
-9.194647135118614017e-04
-1.523144579232462922e-03
1.094001068131529109e-03
4.660300602731339047e-04
-1.358504615854092944e-04
-2.735002670328806509e-04
-2.546071564812714188e-04
-3.355776302738944250e-04
-3.274805828946326285e-04
-3.112864881361145650e-04
-3.211828793774331651e-04
-3.283802548256663971e-04
-5.380038147554759825e-04
-8.124037537193855773e-04
-1.426879682612347978e-03
9.050699626153960219e-04
4.264444953078471985e-04
1.439475089647227802e-05
1.889311055160896105e-05
-5.308064393072371804e-05
-1.214557106889424916e-04
-1.601416037231996711e-04
-1.583422598611427320e-04
-9.716456855115719713e-05
-1.421481651026191119e-04
-1.772353704127572224e-04
-2.501087968261166703e-04
-8.483906309605541768e-04
-8.061060502021804219e-04
-4.327421988250625454e-04
-1.538439002059949494e-04
-1.205560387579139407e-04
-1.664393072404098681e-04
-1.151580071717431502e-04
-1.682386511024668886e-04
-1.268537422751134041e-04
-8.456916151674760457e-05
-3.328786144808098158e-05
6.387670710307067257e-05
3.625677882047701156e-04
9.428561837186233766e-04
-1.549235065232316012e-03
-6.612588693064755082e-04
-4.777257953765131574e-04
-4.039526970321184502e-04
-2.564065003433337519e-04
-3.004904249637564500e-04
-3.463736934462523774e-04
-2.869953459983183878e-04
-3.283802548256663971e-04
-3.076878004119896820e-04
-1.952288090333432840e-04
3.688654917219820473e-04
8.187014572365898654e-04
-1.338711833371476236e-03
-8.537886625467317435e-04
-5.730910200656136322e-04
-3.796615548943332234e-04
-3.292799267566950700e-04
-3.328786144808143152e-04
-3.220825513084617296e-04
-3.742635233081515367e-04
-3.724641794460999914e-04
-3.823605706874241210e-04
-1.682386511024672139e-04
4.075513847562378038e-04
-8.924745555809900479e-04
-1.076907301441976626e-03
-9.446555275806861433e-04
-5.955828183413423805e-04
-4.318425268940340894e-04
-4.273441672388860629e-04
-4.174477759975619333e-04
-2.582058442053907724e-04
-3.004904249637618710e-04
-2.582058442053852972e-04
-1.538439002059949494e-04
8.366948958571918918e-05
-3.940563057907948085e-04
-1.511448844129095487e-03
-1.135385976958874516e-03
-5.263080796520946698e-04
-3.886582742046288427e-04
-3.346779583428713357e-04
-2.366137178606855470e-04
-3.616681162737473516e-04
-3.553704127565426299e-04
-3.463736934462523774e-04
-3.472733653772808876e-04
-1.025626001373332189e-04
-3.094871442740578698e-04
-1.031923704890518262e-03
-2.164610666056311639e-03
-1.040920424200814749e-03
-6.351683833066274062e-04
-4.885218585488661225e-04
-3.265809109636041725e-04
-3.040891126878758578e-04
-3.382766460669851599e-04
-3.949559777218283061e-04
-3.697651636530092023e-04
-1.034622720683621086e-04
-1.844327458609908068e-04
-6.252719920653034393e-04
-1.133586633096817604e-03
-9.968364995803788778e-04
-1.238848249027244214e-03
-7.755172045471849440e-04
-4.507356374456434299e-04
-3.274805828946326285e-04
-2.968917372396479926e-04
-3.085874723430236674e-04
-2.672025635156756581e-04
-1.124589913786521443e-04
-1.691383230335007657e-04
-4.219461356527042678e-04
-6.036798657206040144e-04
-6.270713359273663145e-04
-1.108395819027998717e-03
-1.373799038681622559e-03
-6.243723201342749832e-04
-4.093507286182950953e-04
-3.724641794460947872e-04
-3.391763179980136701e-04
-3.130858319981715855e-04
-1.763356984817231285e-04
-1.349507896543804318e-04
-2.788982986190565371e-04
-4.723277637903428548e-04
-5.002175936522483025e-04
-6.558608377202988088e-04
-1.506950484473952448e-03
-1.166874494544906798e-03
-6.333690394445704941e-04
-4.858228427557807001e-04
-4.057520408941808917e-04
-2.941927214465516198e-04
-1.223553826199709612e-04
-1.520445563439434312e-04
-2.986910811017048505e-04
-3.508720531014000244e-04
-3.742635233081625414e-04
-4.435382619974094390e-04
-7.035434500648518651e-04
-1.171372854200043116e-03
-1.085904020752269643e-03
-7.737178606851332361e-04
-5.281074235141520155e-04
-3.193835355153708320e-04
-4.048523689630877901e-05
-1.664393072404044200e-04
-3.589691004806619293e-04
-3.508720531013948202e-04
-3.130858319981715855e-04
-3.553704127565425214e-04
-5.227093919279812793e-04
-6.801519798580899986e-04
-1.458368200198370069e-03
-1.512348516060117980e-03
-8.106044098573286652e-04
-5.317061112382716944e-04
-1.061612878614418931e-04
-9.626489662012330652e-05
-2.465101091020042556e-04
-3.445743495841898816e-04
-3.364773022049283020e-04
-3.076878004119896820e-04
-4.102504005493287013e-04
-4.759264515144617748e-04
-7.674201571679221175e-04
-1.354905928130010562e-03
-1.559131456473648652e-03
-8.564876783398239421e-04
-1.520445563439435939e-04
-8.366948958571916208e-05
-3.076878004119898988e-04
-4.327421988250569618e-04
-2.770989547569942041e-04
-2.770989547570051545e-04
-3.625677882047758619e-04
-3.643671320668383034e-04
-5.029166094453326949e-04
-7.584234378576376655e-04
-1.139884336614017555e-03
