2.705453630967477249e-02
7.031453404175507307e-03
2.670431638776379034e-03
1.346434883419921720e-03
8.298709887700694236e-04
4.250413051227546163e-04
2.763092341344124060e-04
5.133048392134878903e-04
8.495452202203177287e-04
1.460853932583233965e-03
2.959669469270354188e-03
7.343658025096530192e-03
2.729778983846603557e-02
2.741959523672235499e-02
6.598977973924374102e-03
2.827449229495683850e-03
1.439722023416186575e-03
7.834810133545903714e-04
4.184267532103331426e-04
4.535921720030388227e-04
5.082687331554318518e-04
8.414434098677977831e-04
1.517483319136808152e-03
3.189938711562923836e-03
7.401473184612716166e-03
2.843891813193164322e-02
-9.409791947700320236e+00
-4.611493728172910700e+00
2.920648173042240774e-03
1.167755804556952666e-03
6.410727607173955607e-04
4.446084200716622246e-04
2.651736150141885602e-04
3.484983058980027117e-04
6.696743144602696580e-04
1.394064208427849613e-03
2.875077591110162742e-03
7.055908506967137166e-03
2.673724281639891856e-02
-7.183722519714240029e+00
6.782423389152960821e-03
2.431951544812887417e-03
1.086888127011800429e-03
6.771914745075347745e-04
3.070463868242675511e-04
2.239826221463299622e-04
3.381604895602311682e-04
8.411992994829253778e-04
1.453465652619781922e-03
2.939326729791815439e-03
7.070450369828015259e-03
2.757558309933617890e-02
2.845119396085989127e-02
6.813398147980325066e-03
2.975169684898812741e-03
1.720931730584857131e-03
7.354080155630908586e-04
4.878031724097177738e-04
2.049905258798441748e-04
2.072890193254500811e-04
5.898231244068358062e-04
1.039120058981286366e-03
2.338957430718254481e-03
6.263958587167491737e-03
-9.410921087114383354e+00
2.571801441703671851e-02
6.461716142141388231e-03
3.067587367646755145e-03
1.319548261463238245e-03
7.301271621435481652e-04
3.664165404760976841e-04
3.153639253168224413e-04
4.013820375552332696e-04
7.435791270815859944e-04
1.380114081032737588e-03
2.935577179720936895e-03
-4.611307606277553539e+00
-7.182231772077166454e+00
2.525066123841232871e-02
7.716397710765174854e-03
2.748887886420960276e-03
1.357088974254208559e-03
7.172770694294383241e-04
4.802560622466083440e-04
3.528573471996825106e-04
4.289555593946620094e-04
7.625125935499574683e-04
1.528351490811086710e-03
2.968508085438733256e-03
7.186573760475004936e-03
2.766061911169522339e-02
4.161681130445527010e-02
9.053579321621974679e-03
4.160484922385419664e-03
2.025894572162214614e-03
9.263116759400424113e-04
6.563083186816457207e-04
5.015617482162308119e-04
3.665458566421237949e-04
5.920413637816203519e-04
8.256460604127896551e-04
2.116430640886345603e-03
5.671850607934030356e-03
2.424322007958698913e-02
2.635063768880946053e-02
6.826720841540723922e-03
2.665801753483198339e-03
1.300636617305498148e-03
6.991121944123409324e-04
3.885153490132248720e-04
3.330320932671470766e-04
4.680592549514718797e-04
8.466931250747215549e-04
1.517627338551320784e-03
3.269419516648578924e-03
7.537677876314714809e-03
2.921771619900748185e-02
2.828513601114336640e-02
6.597616288118749069e-03
2.623723267433119601e-03
1.234826208227863186e-03
6.723265403967669399e-04
4.229027824707025547e-04
4.252307424366770440e-04
5.243749407288678284e-04
8.509052306017368152e-04
1.845012984936744834e-03
3.477055507010429897e-03
8.756907657981148271e-03
4.064720493115522165e-02
2.747188260451521521e-02
7.169700831780579514e-03
3.104579438018314000e-03
1.572643607199999353e-03
8.211837906539666294e-04
5.100413225033175943e-04
2.368121854499971916e-04
3.052737974764182377e-04
5.351054192493604009e-04
1.195467007109657235e-03
2.743570118377260982e-03
7.334167654161153141e-03
2.433520360024973156e-02
2.581196682309329013e-02
6.468016050150319704e-03
2.569115893639802202e-03
1.203828477138070042e-03
6.907733152964859631e-04
3.254546443777507885e-04
2.204374434482865314e-04
4.789402256634579368e-04
7.974855573685253694e-04
1.592843357524606745e-03
3.651751779538769428e-03
6.858627449802878924e-03
3.045478537297020491e-02
2.563091156309567700e-02
6.629395173040107149e-03
2.642375975996661720e-03
1.372130992609195193e-03
5.668641322877977264e-04
2.654843262950542571e-04
1.411773093577195427e-04
3.026033239516194118e-04
7.243674268210338781e-04
1.557930984317210327e-03
2.476134693258136288e-03
6.838688439432846766e-03
2.597404460554160813e-02
2.821939946385909961e-02
7.549278389452671913e-03
3.353016931569510230e-03
1.583731268651745279e-03
9.174206414464788949e-04
3.207347375873542943e-04
2.568684768288272851e-04
4.288509711575730766e-04
4.778465709219083604e-04
9.922060707712877358e-04
2.490779066340802900e-03
6.171733028914145811e-03
2.545035859612214749e-02
2.695213491562596653e-02
7.243712732649829067e-03
2.942435986328653490e-03
1.446375295226457608e-03
7.050414320240823082e-04
3.375688210322573763e-04
4.060350276366137662e-04
5.127285815019180706e-04
6.423893352796062077e-04
1.465262823454572703e-03
2.937956039315923161e-03
7.056515713652376960e-03
2.705961857750124877e-02
2.849209581236860148e-02
7.208351190885864401e-03
2.928691193704728232e-03
1.266011495513337222e-03
6.797659105569017236e-04
4.590895783089202643e-04
4.359759423440040570e-04
4.239671359711825842e-04
8.602210112739227567e-04
1.466288246326147033e-03
2.882864208217700633e-03
7.061906973927165217e-03
2.763267238970495282e-02
