-1.375768447537929068e-02
-3.595034178448876325e-03
-1.381611832438350059e-03
-7.096216058352950318e-04
-4.474412891416527059e-04
-2.419713061154776703e-04
-1.664828295144233738e-04
-2.867691744142181805e-04
-4.574268810224529436e-04
-7.676946203377057630e-04
-1.528413548129483809e-03
-3.753492613570007502e-03
-1.388114700900946151e-02
-1.394296894085679701e-02
-3.375532687075153380e-03
-1.461305597503298340e-03
-7.569691888951670007e-04
-4.238962087134419236e-04
-2.386141119074683750e-04
-2.564622053015791210e-04
-2.842131152415210355e-04
-4.533148336532590180e-04
-7.964366804285425870e-04
-1.645285949577505189e-03
-3.782836508853129696e-03
-1.446032294536034844e-02
4.775882910603583831e+00
2.340522329239352217e+00
-1.508608416743331074e-03
-6.189336232487929659e-04
-3.516173654514361262e-04
-2.519025313660594716e-04
-1.608309824191108957e-04
-2.031221569874117018e-04
-3.661339905890096768e-04
-7.337957140991864437e-04
-1.485479216799992725e-03
-3.607446285955985717e-03
-1.359664319972396507e-02
3.646048646815104544e+00
-3.468639808108513189e-03
-1.260572040056306530e-03
-5.778894977714619033e-04
-3.699493006063013577e-04
-1.820833709187922472e-04
-1.399246285936251875e-04
-1.978752320872599721e-04
-4.531909362251248944e-04
-7.639447229857970062e-04
-1.518088657183486135e-03
-3.614826960930888483e-03
-1.402214007078677119e-02
-1.446655350221772753e-02
-3.484360945731521889e-03
-1.536280631919851409e-03
-8.996962568269744687e-04
-3.994969157780898063e-04
-2.738258867627258591e-04
-1.302852521962511909e-04
-1.314518450335142312e-04
-3.256057800164059279e-04
-5.536449709398434454e-04
-1.213373181335253249e-03
-3.205494692108494352e-03
4.776456001623372138e+00
-1.307933715627880925e-02
-3.305865892900143425e-03
-1.583186924794563726e-03
-6.959753887217205465e-04
-3.968166358818595680e-04
-2.122164983940256371e-04
-1.863049104005010093e-04
-2.299631221757212751e-04
-4.036441367276109903e-04
-7.267153725262503637e-04
-1.516185585297852257e-03
2.340427863679575449e+00
3.645292022723396919e+00
-1.284213357769231276e-02
-3.942675422986325305e-03
-1.421432044549756062e-03
-7.150290548226260947e-04
-3.902946133165548920e-04
-2.699953756620089118e-04
-2.053345741555332533e-04
-2.439579730801205455e-04
-4.132537557625435122e-04
-8.019527854466346889e-04
-1.532899558882771119e-03
-3.673765008383865060e-03
-1.406529982097754101e-02
-2.114871956214123966e-02
-4.621357579912894163e-03
-2.137883507313781840e-03
-1.054479150507032061e-03
-4.963894447643275474e-04
-3.593501231091873207e-04
-2.808090069528239243e-04
-2.122821323915107027e-04
-3.267316401622791700e-04
-4.452969405602048890e-04
-1.100430436332728093e-03
-2.904972222148628942e-03
-1.233081010966310433e-02
-1.340042303057045574e-02
-3.491122835311987697e-03
-1.379261949287410730e-03
-6.863768455292377059e-04
-3.810750903611009053e-04
-2.234326764521988326e-04
-1.952723313073619126e-04
-2.638049259762875330e-04
-4.559793094514284773e-04
-7.965097770117494707e-04
-1.685626172470062719e-03
-3.851966755034573996e-03
-1.485559935933570934e-02
-1.438227133248597134e-02
-3.374841567894247205e-03
-1.357905151197453609e-03
-6.529749874582083677e-04
-3.674801191960918516e-04
-2.408859059317277284e-04
-2.420674544051126570e-04
-2.923877682632915979e-04
-4.581171498472782133e-04
-9.626732919985355299e-04
-1.791011140861956336e-03
-4.470782846500476887e-03
-2.065659901586826275e-02
-1.396950722351455315e-02
-3.665201208562640124e-03
-1.601962129228359745e-03
-8.244331043813294931e-04
-4.430321301259919548e-04
-2.851127871725441789e-04
-1.464362315237460353e-04
-1.811836989877875894e-04
-2.978339875711354980e-04
-6.329983535493000383e-04
-1.418733028756665382e-03
-3.748675806814545219e-03
-1.237749604499023548e-02
-1.312702239295362311e-02
-3.309063390623135075e-03
-1.330189357075518960e-03
-6.372421903384732763e-04
-3.768427195157734674e-04
-1.914264218852594407e-04
-1.381252847304258245e-04
-2.693275271041431344e-04
-4.310041692634380864e-04
-8.346854216495115794e-04
-1.879677663108396705e-03
-3.507316930070511398e-03
-1.548346977606573742e-02
-1.303512838739715601e-02
-3.390970837088526195e-03
-1.367372272475255411e-03
-7.226635820841475003e-04
-3.139530185921557632e-04
-1.609886829143669131e-04
-9.789706268031287285e-05
-1.798283088768927451e-04
-3.938933010406741372e-04
-8.169657607153181121e-04
-1.282997052667282341e-03
-3.497196950514223478e-03
-1.320928444179485413e-02
-1.434890696272679914e-02
-3.857854557569398608e-03
-1.728055767232190365e-03
-8.300606107187228581e-04
-4.918768292613864791e-04
-1.890308486175818294e-04
-1.566157366727963089e-04
-2.439048896621611893e-04
-2.687724462139323613e-04
-5.298339295301518048e-04
-1.290429756370269207e-03
-3.158685911393187100e-03
-1.294348931902366065e-02
-1.370571098245875960e-02
-3.702765706991534983e-03
-1.519666750178279334e-03
-7.603460352608003162e-04
-3.840844555352812399e-04
-1.975749326593509295e-04
-2.323247320864093234e-04
-2.864766966958152148e-04
-3.522855885681623394e-04
-7.699323384920084843e-04
-1.517392967711611801e-03
-3.607754471724839221e-03
-1.376026396380670286e-02
-1.448731310329123834e-02
-3.684818072024255778e-03
-1.512690625597462851e-03
-6.688029781121621444e-04
-3.712559472103735812e-04
-2.592523959076155739e-04
-2.475211455047376030e-04
-2.414261150727846773e-04
-4.628453438851866885e-04
-7.704527885195825571e-04
-1.489431288867689796e-03
-3.610490788259660289e-03
-1.405111555355613093e-02
