-1.447574113899103947e-02
-3.643677787767104267e-03
-1.306053292528858286e-03
-7.989048889817128079e-04
-5.686883606922615679e-04
-4.444977253224639520e-04
-3.210635661151188796e-04
-4.513956730848028430e-04
-6.083546132340981278e-04
-9.729607928364750018e-04
-1.808566310603794370e-03
-4.151454767591196068e-03
-1.471883956636261745e-02
-1.428887578233401651e-02
-3.090383020343888832e-03
-1.493054061522167087e-03
-8.850656436752427558e-04
-5.834998263490833630e-04
-3.845189630841703904e-04
-4.256549594584787318e-04
-4.310312175154849129e-04
-6.229642133587868493e-04
-1.005355857316367731e-03
-1.901694183522987603e-03
-4.223264838897032580e-03
-1.520714701853586627e-02
4.776464410251376691e+00
2.340785104254200721e+00
-1.551315893929351057e-03
-7.315048093754056811e-04
-4.545994150567932721e-04
-3.959808803482322333e-04
-3.007997014636023506e-04
-3.348716161565433620e-04
-5.029063307930844518e-04
-8.742210586923115402e-04
-1.732298314224216696e-03
-3.993536175712761836e-03
-1.429460833919593728e-02
3.646534255097685140e+00
-3.225956317399959489e-03
-1.227023050620894675e-03
-5.420573805928982115e-04
-3.706472273182409897e-04
-2.174848393267114245e-04
-1.949609955926916117e-04
-2.519983479890645071e-04
-4.762635148200002055e-04
-8.098485790122389276e-04
-1.581800909606548896e-03
-3.715525882793084631e-03
-1.442649498248880016e-02
-1.484944701313408409e-02
-3.677754853965883777e-03
-1.588120620078498470e-03
-9.346410996862626608e-04
-4.577296616175783586e-04
-3.060309763302284107e-04
-1.894312491330016595e-04
-1.695930667332191033e-04
-3.422856009304424581e-04
-5.442971355818940291e-04
-1.154709786725123056e-03
-2.995231615352765813e-03
4.776960788178994832e+00
-1.383940337036463838e-02
-3.615242690486856775e-03
-1.799412110460486477e-03
-8.747572793998755099e-04
-5.007119365844813407e-04
-3.384864509795776138e-04
-3.358627659662533462e-04
-3.493836915318035397e-04
-5.440694813207360868e-04
-8.566383295008526619e-04
-1.589030348693542313e-03
2.340641323135171703e+00
3.645733794953308848e+00
-1.349534941339841122e-02
-4.349770087980143335e-03
-1.686059538370600656e-03
-8.814820556877372461e-04
-5.311765834583110279e-04
-4.127038479982915366e-04
-3.425635399082390406e-04
-4.076712206534405269e-04
-5.760537522386042879e-04
-9.697756629576414523e-04
-1.592045555819521750e-03
-3.440670654196566983e-03
-1.449202938456250686e-02
-2.166905736319562487e-02
-5.074571425318477429e-03
-2.413926639850408600e-03
-1.247416433192763017e-03
-6.870435997069009211e-04
-5.449813970168147607e-04
-3.856175587527076133e-04
-3.385520849770654169e-04
-4.315401919621600943e-04
-4.971369287188519498e-04
-1.031721279652705924e-03
-3.078731231791838243e-03
-1.307169805070642135e-02
-1.395044149228587618e-02
-3.732005800604003710e-03
-1.550281205638836830e-03
-8.299985689627822471e-04
-4.749246289938308650e-04
-3.807531663446827707e-04
-3.493964423594265144e-04
-4.133627815420398699e-04
-6.059937905658117994e-04
-8.223221088984130787e-04
-1.816462380541932625e-03
-4.349473278657394436e-03
-1.592799744868536593e-02
-1.488434411159510716e-02
-3.670976224570651845e-03
-1.579609843446953387e-03
-7.924870809540688916e-04
-4.955765739761703714e-04
-3.863341315597960480e-04
-4.162830895969554367e-04
-4.538178880934568699e-04
-4.843861072825729691e-04
-1.030038548810648883e-03
-2.082122916503415314e-03
-5.019888057118635470e-03
-2.113629714309446170e-02
-1.457203762332258054e-02
-4.032569450825531157e-03
-1.804488548435346324e-03
-9.644018234258209480e-04
-5.674755805170229178e-04
-4.154923696957802271e-04
-2.558110388099392517e-04
-2.120189119093944747e-04
-3.574366100565196623e-04
-8.209127552000821879e-04
-1.698885791230973340e-03
-4.040700833553269311e-03
-1.291381574024671672e-02
-1.379804662505634653e-02
-3.599718540715962905e-03
-1.511711001045462546e-03
-8.000421868145314499e-04
-5.227475706924727180e-04
-3.240891321516530172e-04
-2.013809116048547810e-04
-3.115783787415319695e-04
-5.463151086818390442e-04
-1.048170854023648853e-03
-2.107318487490105093e-03
-3.813953974365436126e-03
-1.622207458936589936e-02
-1.360112874331467769e-02
-3.686192242667668973e-03
-1.587707088078862397e-03
-9.023587238595671446e-04
-4.370265923372883493e-04
-1.968467768709170214e-04
-1.488237997417008092e-04
-3.051850103651855702e-04
-5.457342843495838940e-04
-9.806790082886435687e-04
-1.481870467485218220e-03
-3.828035148886610537e-03
-1.377756792545552743e-02
-1.487381101926749799e-02
-4.224309548735030381e-03
-1.969851983621468457e-03
-9.659196998255330062e-04
-4.861819982924846196e-04
-2.472635944570676170e-04
-3.125663499193874267e-04
-3.957458729710682899e-04
-4.014351564803259379e-04
-6.839580405822163253e-04
-1.529486219467761712e-03
-3.477651845501158676e-03
-1.365743635269772889e-02
-1.444705554905070452e-02
-4.087942345651049240e-03
-1.763289468762084186e-03
-7.879848693419850463e-04
-4.067004085815228553e-04
-2.964473523270240310e-04
-3.809693365548970064e-04
-4.310116712266216722e-04
-4.822085455427646376e-04
-9.519106080105856028e-04
-1.732704902280275509e-03
-3.971013084050047971e-03
-1.442169905938816936e-02
-1.525240219841201769e-02
-4.093282613663970504e-03
-1.563617362658850868e-03
-6.850261734775677435e-04
-5.011789041849759336e-04
-4.526463041419746423e-04
-3.619188338258739340e-04
-3.558238033939265378e-04
-6.206224593263015305e-04
-9.291431550579621343e-04
-1.718441989895290326e-03
-3.969183145098559296e-03
-1.460341714301470646e-02
