2.852100155725240116e-02
7.178999600864297698e-03
2.573267070225222081e-03
1.574051881970317014e-03
1.120465022492507165e-03
8.757769425683974499e-04
6.325793188219834377e-04
8.893677063837018143e-04
1.198617929459655420e-03
1.916987601615042277e-03
3.563349334990963298e-03
8.179453249022671998e-03
2.899996913197332160e-02
2.815282786051116759e-02
6.088863989030813759e-03
2.941707564736393068e-03
1.743811136104056903e-03
1.149647489283485641e-03
7.576030712083522880e-04
8.386517584835484745e-04
8.492443950155078008e-04
1.227402668279330578e-03
1.980814363616860592e-03
3.746835636870014634e-03
8.320937898124576917e-03
2.996206271116410441e-02
-9.410885948768452636e+00
-4.611959758233183493e+00
3.056498634627650285e-03
1.441256071589833371e-03
8.956799171986669795e-04
7.801860503455567038e-04
5.926541979088212429e-04
6.597847940341172767e-04
9.908571938377027689e-04
1.722444463253515901e-03
3.413081405865638941e-03
7.868312260686523285e-03
2.816412249901126610e-02
-7.184627589676855663e+00
6.355978893845113352e-03
2.417556793916415207e-03
1.067995016460191468e-03
7.302721184382584586e-04
4.285020975132100562e-04
3.841242258695296333e-04
4.965027494213739272e-04
9.383638680340825478e-04
1.595613817722401143e-03
3.116562100204572743e-03
7.320559166654132255e-03
2.842397373029673449e-02
2.925730001106207137e-02
7.246140346805387232e-03
3.129013585104807853e-03
1.841487769342771072e-03
9.018473228035007267e-04
6.029611795814609782e-04
3.732291769823110634e-04
3.341427616005634852e-04
6.743922859235834243e-04
1.072407920429367320e-03
2.275080723615183903e-03
5.901390798962721784e-03
-9.411863943298101276e+00
2.726724948226903408e-02
7.122975011447863630e-03
3.545313163023268085e-03
1.723500958495356641e-03
9.865336624868819172e-04
6.669069654398541340e-04
6.617376187630747645e-04
6.883773835535516574e-04
1.071959381907252283e-03
1.687801881444727162e-03
3.130805988754280234e-03
-4.611676471769275309e+00
-7.183050473534403402e+00
2.658937307178380408e-02
8.570186373311906164e-03
3.321978906486573908e-03
1.736750529148541836e-03
1.046556996186133286e-03
8.131346767274226593e-04
6.749398985081442402e-04
8.032190827028135461e-04
1.134976772996057568e-03
1.910712061498510885e-03
3.136746736541200578e-03
6.779022375718766862e-03
2.855309366727621506e-02
4.269371860589724760e-02
9.998234849202661256e-03
4.756067740726762152e-03
2.457737099056248650e-03
1.353655843178928420e-03
1.073756094679207546e-03
7.597675924216215843e-04
6.670362816058857201e-04
8.502472079870055949e-04
9.794899606187846587e-04
2.032761151300626224e-03
6.065906913724825218e-03
2.575466892371608418e-02
2.748602366576833461e-02
7.353028921192818375e-03
3.054460027687827019e-03
1.635314575648369375e-03
9.357259122730265336e-04
7.501834652869722236e-04
6.884025060236897064e-04
8.144329483977242028e-04
1.193966490452002443e-03
1.620189938688653894e-03
3.578906660922636686e-03
8.569601581205232854e-03
3.138232686506379349e-02
2.932605643534418050e-02
7.232784671425376150e-03
3.112245125981985723e-03
1.561407119191467359e-03
9.764156530846427977e-04
7.611794285376877146e-04
8.201867201585054043e-04
8.941401043818770307e-04
9.543675026700989238e-04
2.029445730797735641e-03
4.102327499075733228e-03
9.890494291077965225e-03
4.164404143073559966e-02
2.871073085354245921e-02
7.945218036327764133e-03
3.555315075463957430e-03
1.900124190094631873e-03
1.118075527893614730e-03
8.186287948463412617e-04
5.040147489656727955e-04
4.177327888550703820e-04
7.042437422828611666e-04
1.617413142762361448e-03
3.347249984097864887e-03
7.961238990088518805e-03
2.544359941927773136e-02
2.718576586177491247e-02
7.092388370284594470e-03
2.978466622258097406e-03
1.576292656584164830e-03
1.029949633294499579e-03
6.385404763759223740e-04
3.967731419300096329e-04
6.138910153178383415e-04
1.076383855987581798e-03
2.065171121314949600e-03
4.151969373191018164e-03
7.514488287523177733e-03
3.196173585744415541e-02
2.679778605764058380e-02
7.262764212484677968e-03
3.128198818752442583e-03
1.777883033503376139e-03
8.610568537343492920e-04
3.878397089150252184e-04
2.932218657016630011e-04
6.012944050533242622e-04
1.075239479922433794e-03
1.932194507625372868e-03
2.919672955255545564e-03
7.542231889497698523e-03
2.714541745974165254e-02
2.930530348461136969e-02
8.322996250137805474e-03
3.881124355083662245e-03
1.903114804167116165e-03
9.579058783427877146e-04
4.871740448277587414e-04
6.158375773094892144e-04
7.797230242589678426e-04
7.909324029200799459e-04
1.347576483527830257e-03
3.013488458268783962e-03
6.851885008772235809e-03
2.690872679632051734e-02
2.846448343168608494e-02
8.054317142507157190e-03
3.474142097566925401e-03
1.552536583087899555e-03
8.013063286442056012e-04
5.840789301342616318e-04
7.506093772208035936e-04
8.492058837068464268e-04
9.500771356915958896e-04
1.875513224003901459e-03
3.413882490830385044e-03
7.823935870820298427e-03
2.841452450563125912e-02
3.005122726884225035e-02
8.064838869225689211e-03
3.080735750048671853e-03
1.349680985099056384e-03
9.874537109688915140e-04
8.918317771339772260e-04
7.130748971009982611e-04
7.010660907281877387e-04
1.222788799478698564e-03
1.830655378392985391e-03
3.385780817663033328e-03
7.820330411784802774e-03
2.877255672631897146e-02
